rotor
6,117,217,255,150,65,212,1,38,94,51,81,118,54,224,111,48,69,205,84,18,210,143,230,248,172,27,21,160,36,164,227,59,33,96,221,138,237,184,50,198,151,20,129,177,246,216,247,12,238,63,252,162,236,179,176,30,107,86,61,168,142,25,29,72,233,23,137,114,0,3,178,195,106,149,253,251,146,190,171,28,101,244,55,141,113,170,95,240,17,52,243,188,5,124,103,218,91,46,116,126,98,144,147,8,85,97,165,202,83,89,174,42,154,180,34,153,185,26,235,196,245,14,68,166,206,136,11,239,132,47,201,167,109,49,209,175,76,88,16,35,193,90,130,31,228,200,163,139,173,189,44,231,204,10,229,133,199,19,78,182,73,254,155,74,102,191,108,22,119,181,112,127,13,7,15,250,125,75,145,211,194,45,66,64,223,220,148,213,226,187,122,70,37,53,115,234,157,161,159,134,43,80,79,67,93,24,183,82,128,192,104,214,32,232,40,135,249,62,215,87,169,57,156,121,56,9,219,99,41,241,152,197,123,77,158,60,207,71,225,242,110,92,2,203,208,100,105,120,186,140,58,222,4,131,39 220
rotor
211,202,112,54,126,207,105,170,20,81,108,201,125,121,231,103,197,123,129,111,190,23,221,154,37,14,247,39,167,9,34,249,104,70,155,87,107,80,205,219,0,127,235,133,55,165,252,94,177,35,176,47,142,140,186,216,25,113,148,4,241,185,243,110,43,117,233,158,46,131,200,239,86,172,178,244,208,7,116,92,66,138,195,10,146,68,139,175,238,193,187,226,215,124,251,194,120,69,22,32,206,42,109,156,1,184,38,26,79,51,204,52,76,56,62,6,13,169,163,27,222,179,225,95,234,118,30,130,83,44,254,2,49,33,65,73,248,203,132,71,78,50,145,12,232,192,119,91,218,77,58,152,151,115,18,143,213,144,149,17,74,89,136,250,40,236,57,122,72,29,41,15,223,224,114,227,237,98,246,36,189,16,99,97,209,85,255,106,8,162,171,53,157,141,173,228,214,102,220,245,242,181,64,182,183,75,180,159,5,240,147,135,90,84,101,60,174,88,67,166,212,28,61,128,253,164,21,229,191,48,168,31,217,134,82,199,198,11,24,100,137,3,150,230,153,188,161,93,160,63,210,59,45,96,196,19 221
rotor
207,26,46,250,40,49,79,239,36,121,38,124,45,12,19,253,2,240,120,115,28,106,65,77,50,58,78,34,30,220,32,174,67,48,172,4,96,111,105,68,93,133,226,244,230,165,156,166,37,76,55,243,95,53,164,154,35,83,233,151,217,232,173,82,157,23,216,200,69,71,15,56,109,167,81,100,163,135,22,148,152,73,255,178,29,63,248,242,20,41,149,132,184,202,186,247,43,70,136,153,221,75,219,24,57,119,52,206,54,127,122,169,142,128,236,47,175,72,117,189,99,7,185,147,227,234,188,251,241,33,194,18,171,116,92,196,231,59,192,85,180,225,129,112,9,51,214,245,158,181,62,80,246,238,138,61,146,103,89,183,102,212,223,91,144,16,213,237,0,108,8,94,126,107,3,182,150,84,222,21,11,123,177,90,215,130,137,203,201,86,187,141,191,113,229,66,42,6,104,118,13,88,64,139,162,176,170,254,44,179,193,1,159,134,60,114,161,155,14,228,199,25,160,101,195,140,10,5,205,208,249,87,198,143,235,125,31,74,204,224,218,110,27,17,131,39,145,252,209,211,168,210,197,98,97,190 135
reflector
17 130
62 244
15 219
147 245
237 61
198 40
73 94
179 182
156 118
172 95
31 236
199 230
191 60
229 136
22 84
90 25
174 241
115 188
5 10
34 47
98 238
12 193
140 53
192 55
255 114
155 117
247 79
3 135
176 131
76 56
203 149
141 107
68 30
44 120
222 162
127 170
187 175
106 217
35 104
43 119
125 148
26 126
101 239
57 27
99 163
13 223
143 190
52 103
180 246
209 38
109 154
49 177
226 171
196 165
169 88
166 195
116 32
200 80
242 138
18 210
123 36
181 16
87 231
224 253
66 184
11 207
215 0
97 2
92 227
48 63
205 7
164 228
1 134
132 159
74 189
212 249
65 81
46 24
100 157
139 220
161 83
42 216
4 78
23 33
6 234
218 64
202 58
150 235
77 133
93 142
168 54
144 232
121 39
194 14
85 71
160 19
8 214
221 146
167 233
82 37
173 240
50 151
124 251
152 113
29 45
67 70
96 206
250 105
110 211
153 41
243 122
72 21
75 59
183 108
204 225
20 178
91 9
69 158
86 129
128 201
254 185
145 111
248 28
137 89
186 252
102 213
208 112
51 197
