rotor
136,155,15,44,6,115,35,118,86,39,90,162,95,161,126,27,125,110,80,56,144,13,78,103,77,38,81,130,50,10,131,18,79,73,84,116,82,54,97,32,117,47,104,141,28,109,62,19,76,65,14,66,120,48,75,132,51,89,34,46,22,164,52,8,142,5,40,11,123,94,41,150,7,146,53,108,26,91,140,58,57,133,37,83,2,113,143,145,159,12,36,124,152,153,137,29,139,100,17,93,107,72,16,134,149,4,138,148,20,42,102,121,106,92,0,122,135,114,63,85,111,151,119,64,160,96,24,128,87,33,156,105,69,147,157,98,88,3,71,49,70,59,68,1,45,30,154,112,99,163,158,101,9,23,61,127,67,43,60,165,74,21,31,25,55,129 20
rotor
87,123,88,93,69,59,141,73,10,106,6,16,11,4,14,143,58,29,68,70,121,89,115,156,120,124,157,62,51,22,24,127,13,67,38,85,54,97,36,118,1,21,41,108,152,18,5,112,33,44,82,98,155,130,136,48,103,138,122,161,154,39,148,60,140,42,113,52,139,105,72,28,132,30,81,34,134,149,53,145,57,90,47,150,109,159,66,65,160,162,95,114,55,151,64,83,77,153,71,32,146,107,75,84,45,110,135,27,80,116,76,164,163,20,56,2,46,43,61,26,129,131,79,111,128,126,25,23,133,125,158,9,117,15,144,165,142,63,92,19,94,119,137,104,86,147,91,7,101,3,17,100,35,49,0,50,12,37,102,40,96,99,74,31,8,78 79
rotor
36,114,122,109,32,134,130,83,71,137,98,76,69,152,27,102,92,37,55,74,157,26,46,31,78,129,135,162,42,145,142,38,45,35,150,64,149,108,141,29,67,4,124,136,44,19,53,107,6,95,133,90,66,77,159,163,118,68,65,60,127,148,112,105,111,80,9,54,104,154,121,33,94,89,41,1,116,144,106,43,85,63,11,164,132,87,84,17,113,48,115,165,14,22,12,120,13,61,15,131,143,86,39,146,93,8,34,117,72,40,52,81,82,28,103,30,59,20,73,100,101,119,7,91,156,0,128,155,75,161,57,50,125,70,99,153,110,147,97,18,79,138,16,5,158,25,56,123,49,10,3,151,160,140,58,139,2,47,21,126,62,88,24,23,51,96 48
reflector
135 127
63 154
102 62
96 80
165 77
39 57
148 125
115 61
58 1
133 99
49 156
25 103
146 98
119 118
94 76
59 13
36 47
128 10
23 145
56 152
31 124
117 33
54 147
55 153
140 8
41 27
48 159
160 44
18 149
107 24
78 123
93 95
21 142
60 73
88 108
131 28
116 162
130 65
16 50
6 12
139 22
72 71
9 11
138 66
134 163
81 42
122 150
86 141
53 0
34 151
4 155
19 112
5 52
67 7
87 45
3 68
110 137
75 120
90 158
2 132
161 46
30 106
38 114
92 109
43 15
91 40
84 111
101 113
143 64
97 83
136 70
17 85
129 51
164 26
105 126
144 32
100 69
35 82
121 89
104 79
37 29
20 74
157 14
